
TYPE: ATSP

 DIMENSION: 8



  0 107 241 190 124  80 316  76
107   0 148 137  88 127 336 183
241 148   0 374 171 259 509 317
190 137 374   0 202 234 222 192
124  88 171 202   0  61 392 202
 80 127 259 234  61   0 386 141
316 336 509 222 392 386   0 233
 76 183 317 192 202 141 233   0
